name	n	edge_weight_type	optimal	T_max	P	val_m	seeds	no_aug_gap_best(%)	no_aug_gap_avg(%)	aug_gap_best(%)	aug_gap_avg(%)	time_sec_total
a280	280	EUC_2D	2579	0	10	1	0	37.417604	37.417604	37.417604	37.417604	0.198
berlin52	52	EUC_2D	7542	0	10	1	0	19.066561	19.066561	19.066561	19.066561	0.009
bier127	127	EUC_2D	118282	0	10	1	0	22.782841	22.782841	22.782841	22.782841	0.083
ch130	130	EUC_2D	6110	0	10	1	0	24.026187	24.026187	24.026187	24.026187	0.083
ch150	150	EUC_2D	6528	0	10	1	0	25.474877	25.474877	25.474877	25.474877	0.080
d1291	1291	EUC_2D	50801	0	10	1	0	24.804630	24.804630	24.804630	24.804630	0.754
d198	198	EUC_2D	15780	0	10	1	0	18.060837	18.060837	18.060837	18.060837	0.112
d493	493	EUC_2D	35002	0	10	1	0	24.655734	24.655734	24.655734	24.655734	0.312
d657	657	EUC_2D	48912	0	10	1	0	24.865064	24.865064	24.865064	24.865064	0.354
eil101	101	EUC_2D	629	0	10	1	0	33.068362	33.068362	33.068362	33.068362	0.071
eil51	51	EUC_2D	426	0	10	1	0	19.953052	19.953052	19.953052	19.953052	0.038
eil76	76	EUC_2D	538	0	10	1	0	31.040892	31.040892	31.040892	31.040892	0.056
fl1400	1400	EUC_2D	20127	0	10	1	0	32.906047	32.906047	32.906047	32.906047	1.013
fl1577	1577	EUC_2D	22249	0	10	1	0	23.758371	23.758371	23.758371	23.758371	0.874
fl417	417	EUC_2D	11861	0	10	1	0	31.152517	31.152517	31.152517	31.152517	0.296
gil262	262	EUC_2D	2378	0	10	1	0	35.029437	35.029437	35.029437	35.029437	0.077
kroA100	100	EUC_2D	21282	0	10	1	0	26.181750	26.181750	26.181750	26.181750	0.016
kroA150	150	EUC_2D	26524	0	10	1	0	26.722968	26.722968	26.722968	26.722968	0.106
kroA200	200	EUC_2D	29368	0	10	1	0	21.880959	21.880959	21.880959	21.880959	0.140
kroB100	100	EUC_2D	22141	0	10	1	0	31.692335	31.692335	31.692335	31.692335	0.040
kroB150	150	EUC_2D	26130	0	10	1	0	25.621891	25.621891	25.621891	25.621891	0.054
kroB200	200	EUC_2D	29437	0	10	1	0	25.610626	25.610626	25.610626	25.610626	0.070
kroC100	100	EUC_2D	20749	0	10	1	0	26.883223	26.883223	26.883223	26.883223	0.031
kroD100	100	EUC_2D	21294	0	10	1	0	26.547384	26.547384	26.547384	26.547384	0.071
kroE100	100	EUC_2D	22068	0	10	1	0	25.000000	25.000000	25.000000	25.000000	0.017
lin105	105	EUC_2D	14379	0	10	1	0	41.567564	41.567564	41.567564	41.567564	0.074
lin318	318	EUC_2D	42029	0	10	1	0	28.527921	28.527921	28.527921	28.527921	0.168
nrw1379	1379	EUC_2D	56638	0	10	1	0	23.607825	23.607825	23.607825	23.607825	0.861
p654	654	EUC_2D	34643	0	10	1	0	33.816355	33.816355	33.816355	33.816355	0.380
pcb1173	1173	EUC_2D	56892	0	10	1	0	22.663995	22.663995	22.663995	22.663995	0.705
pcb442	442	EUC_2D	50778	0	10	1	0	21.052424	21.052424	21.052424	21.052424	0.222
pr1002	1002	EUC_2D	259045	0	10	1	0	23.340346	23.340346	23.340346	23.340346	0.543
pr76	76	EUC_2D	108159	0	10	1	0	41.885557	41.885557	41.885557	41.885557	0.013
rat195	195	EUC_2D	2323	0	10	1	0	18.510547	18.510547	18.510547	18.510547	0.067
rat575	575	EUC_2D	6773	0	10	1	0	24.228555	24.228555	24.228555	24.228555	0.336
rat783	783	EUC_2D	8806	0	10	1	0	27.492619	27.492619	27.492619	27.492619	0.470
rat99	99	EUC_2D	1211	0	10	1	0	28.654005	28.654005	28.654005	28.654005	0.070
rd100	100	EUC_2D	7910	0	10	1	0	25.638432	25.638432	25.638432	25.638432	0.074
rd400	400	EUC_2D	15281	0	10	1	0	25.489170	25.489170	25.489170	25.489170	0.281
rl1304	1304	EUC_2D	252948	0	10	1	0	32.322454	32.322454	32.322454	32.322454	0.765
rl1323	1323	EUC_2D	270199	0	10	1	0	22.910522	22.910522	22.910522	22.910522	0.746
rl1889	1889	EUC_2D	316536	0	10	1	0	24.736523	24.736523	24.736523	24.736523	1.117
st70	70	EUC_2D	675	0	10	1	0	18.666667	18.666667	18.666667	18.666667	0.010
ts225	225	EUC_2D	126643	0	10	1	0	24.351129	24.351129	24.351129	24.351129	0.072
tsp225	225	EUC_2D	3916	0	10	1	0	23.237998	23.237998	23.237998	23.237998	0.072
u1060	1060	EUC_2D	224094	0	10	1	0	35.448071	35.448071	35.448071	35.448071	0.584
u1432	1432	EUC_2D	152970	0	10	1	0	23.451657	23.451657	23.451657	23.451657	0.831
u159	159	EUC_2D	42080	0	10	1	0	30.090304	30.090304	30.090304	30.090304	0.113
u574	574	EUC_2D	36905	0	10	1	0	26.947568	26.947568	26.947568	26.947568	0.335
u724	724	EUC_2D	41910	0	10	1	0	26.984013	26.984013	26.984013	26.984013	0.394
