name	n	edge_weight_type	optimal	T_max	P	val_m	seeds	no_aug_gap_best(%)	no_aug_gap_avg(%)	aug_gap_best(%)	aug_gap_avg(%)	time_sec_total
a280	280	EUC_2D	2579	0	10	1	0	37.417604	37.417604	37.417604	37.417604	0.043
berlin52	52	EUC_2D	7542	0	10	1	0	19.066561	19.066561	19.066561	19.066561	0.008
bier127	127	EUC_2D	118282	0	10	1	0	22.782841	22.782841	22.782841	22.782841	0.018
ch130	130	EUC_2D	6110	0	10	1	0	24.026187	24.026187	24.026187	24.026187	0.019
ch150	150	EUC_2D	6528	0	10	1	0	25.474877	25.474877	25.474877	25.474877	0.023
d1291	1291	EUC_2D	50801	0	10	1	0	24.804630	24.804630	24.804630	24.804630	0.203
d198	198	EUC_2D	15780	0	10	1	0	18.060837	18.060837	18.060837	18.060837	0.029
d493	493	EUC_2D	35002	0	10	1	0	24.655734	24.655734	24.655734	24.655734	0.071
d657	657	EUC_2D	48912	0	10	1	0	24.865064	24.865064	24.865064	24.865064	0.096
eil101	101	EUC_2D	629	0	10	1	0	33.068362	33.068362	33.068362	33.068362	0.015
eil51	51	EUC_2D	426	0	10	1	0	19.953052	19.953052	19.953052	19.953052	0.008
eil76	76	EUC_2D	538	0	10	1	0	31.040892	31.040892	31.040892	31.040892	0.011
fl1400	1400	EUC_2D	20127	0	10	1	0	32.906047	32.906047	32.906047	32.906047	0.220
fl1577	1577	EUC_2D	22249	0	10	1	0	23.758371	23.758371	23.758371	23.758371	0.251
fl417	417	EUC_2D	11861	0	10	1	0	31.152517	31.152517	31.152517	31.152517	0.060
gil262	262	EUC_2D	2378	0	10	1	0	35.029437	35.029437	35.029437	35.029437	0.038
kroA100	100	EUC_2D	21282	0	10	1	0	26.181750	26.181750	26.181750	26.181750	0.015
kroA150	150	EUC_2D	26524	0	10	1	0	26.722968	26.722968	26.722968	26.722968	0.022
kroA200	200	EUC_2D	29368	0	10	1	0	21.880959	21.880959	21.880959	21.880959	0.029
kroB100	100	EUC_2D	22141	0	10	1	0	31.692335	31.692335	31.692335	31.692335	0.015
kroB150	150	EUC_2D	26130	0	10	1	0	25.621891	25.621891	25.621891	25.621891	0.022
kroB200	200	EUC_2D	29437	0	10	1	0	25.610626	25.610626	25.610626	25.610626	0.029
kroC100	100	EUC_2D	20749	0	10	1	0	26.883223	26.883223	26.883223	26.883223	0.015
kroD100	100	EUC_2D	21294	0	10	1	0	26.547384	26.547384	26.547384	26.547384	0.015
kroE100	100	EUC_2D	22068	0	10	1	0	25.000000	25.000000	25.000000	25.000000	0.015
lin105	105	EUC_2D	14379	0	10	1	0	41.567564	41.567564	41.567564	41.567564	0.015
lin318	318	EUC_2D	42029	0	10	1	0	28.527921	28.527921	28.527921	28.527921	0.045
nrw1379	1379	EUC_2D	56638	0	10	1	0	23.607825	23.607825	23.607825	23.607825	0.215
p654	654	EUC_2D	34643	0	10	1	0	33.816355	33.816355	33.816355	33.816355	0.096
pcb1173	1173	EUC_2D	56892	0	10	1	0	22.663995	22.663995	22.663995	22.663995	0.179
pcb442	442	EUC_2D	50778	0	10	1	0	21.052424	21.052424	21.052424	21.052424	0.063
pr1002	1002	EUC_2D	259045	0	10	1	0	23.340346	23.340346	23.340346	23.340346	0.151
pr107	107	EUC_2D	44303	0	10	1	0	7.496106	7.496106	7.496106	7.496106	0.016
pr124	124	EUC_2D	59030	0	10	1	0	17.392851	17.392851	17.392851	17.392851	0.018
pr136	136	EUC_2D	96772	0	10	1	0	24.797462	24.797462	24.797462	24.797462	0.020
pr144	144	EUC_2D	58537	0	10	1	0	5.321421	5.321421	5.321421	5.321421	0.021
pr152	152	EUC_2D	73682	0	10	1	0	16.309275	16.309275	16.309275	16.309275	0.022
pr226	226	EUC_2D	80369	0	10	1	0	17.048862	17.048862	17.048862	17.048862	0.032
pr264	264	EUC_2D	49135	0	10	1	0	18.711713	18.711713	18.711713	18.711713	0.038
pr299	299	EUC_2D	48191	0	10	1	0	21.794526	21.794526	21.794526	21.794526	0.043
pr439	439	EUC_2D	107217	0	10	1	0	22.765979	22.765979	22.765979	22.765979	0.063
pr76	76	EUC_2D	108159	0	10	1	0	41.885557	41.885557	41.885557	41.885557	0.011
rat195	195	EUC_2D	2323	0	10	1	0	18.510547	18.510547	18.510547	18.510547	0.028
rat575	575	EUC_2D	6773	0	10	1	0	24.228555	24.228555	24.228555	24.228555	0.083
rat783	783	EUC_2D	8806	0	10	1	0	27.492619	27.492619	27.492619	27.492619	0.116
rat99	99	EUC_2D	1211	0	10	1	0	28.654005	28.654005	28.654005	28.654005	0.015
rd100	100	EUC_2D	7910	0	10	1	0	25.638432	25.638432	25.638432	25.638432	0.015
rd400	400	EUC_2D	15281	0	10	1	0	25.489170	25.489170	25.489170	25.489170	0.057
rl1304	1304	EUC_2D	252948	0	10	1	0	32.322454	32.322454	32.322454	32.322454	0.201
rl1323	1323	EUC_2D	270199	0	10	1	0	22.910522	22.910522	22.910522	22.910522	0.205
rl1889	1889	EUC_2D	316536	0	10	1	0	24.736523	24.736523	24.736523	24.736523	0.306
st70	70	EUC_2D	675	0	10	1	0	18.666667	18.666667	18.666667	18.666667	0.011
ts225	225	EUC_2D	126643	0	10	1	0	24.351129	24.351129	24.351129	24.351129	0.032
tsp225	225	EUC_2D	3916	0	10	1	0	23.237998	23.237998	23.237998	23.237998	0.032
u1060	1060	EUC_2D	224094	0	10	1	0	35.448071	35.448071	35.448071	35.448071	0.160
u1432	1432	EUC_2D	152970	0	10	1	0	23.451657	23.451657	23.451657	23.451657	0.225
u159	159	EUC_2D	42080	0	10	1	0	30.090304	30.090304	30.090304	30.090304	0.023
u574	574	EUC_2D	36905	0	10	1	0	26.947568	26.947568	26.947568	26.947568	0.083
u724	724	EUC_2D	41910	0	10	1	0	26.984013	26.984013	26.984013	26.984013	0.107
vm1084	1084	EUC_2D	239297	0	10	1	0	23.386837	23.386837	23.386837	23.386837	0.165
vm1748	1748	EUC_2D	336556	0	10	1	0	21.038104	21.038104	21.038104	21.038104	0.284
